0 0.1629729499358201 0.0693693734130496 0.25098739867072095 0.12342690742036105
0 0.15989665570790595 0.17381070086669614 0.22960474376342782 0.12710077758010296
0 0.1503017143310897 0.2654088151901723 0.22353724906912398 0.1028103555643191
0 0.16107647514263515 0.35713802056195176 0.22353724906912392 0.10281035556431917
0 0.1389532712323014 0.43620787235191033 0.2177114932328582 0.12887472254064336
0 0.1336621012085328 0.5371694108134488 0.20620640503755627 0.09231310927830641
0 0.12438211042836943 0.6227579097523096 0.23353057440049205 0.11052581498050228
0 0.12421358330894607 0.7174578723519104 0.2163257106075855 0.10243241484833568
0 0.11948932435915267 0.8076021031211411 0.2163257106075855 0.10243241484833568
0 0.12488948178903063 0.9104005766625506 0.21126605782257088 0.09737276206332104
0 0.36463397436105605 0.8642746868812499 0.26515851511647553 0.11937509654463586
0 0.3353213356313777 0.760332169572606 0.21151801829989317 0.10218045437101335
0 0.3697139407858735 0.1040821695726059 0.23896816790149017 0.12279700622705528
0 0.3723272005362797 0.19144461347200703 0.2420121368679262 0.08939512055053142
0 0.3451443438409314 0.27557411804698034 0.24276801829989317 0.10381819747360833
0 0.5996643000038068 0.10761306666113485 0.2613586647180725 0.13835390529808264
0 0.8322381405914304 0.24405350433348072 0.2344124360711202 0.12735273805742528
0 0.811768012212618 0.36019400115006306 0.26452861392316973 0.10735586577540482
0 0.8116624752125252 0.4536920406727407 0.24314595901587666 0.1110297359351468
0 0.7884684392735716 0.5531945847703917 0.2597209216154774 0.10710390529808264
0 0.7848882240910129 0.6672512968394227 0.23934610861747366 0.13000854468859357
