0 0.13487472331710276 0.9247911707031518 0.24905373893418364 0.11485677072759187
0 0.14093014031924464 0.8202658223015369 0.22758701186443245 0.11928682941904857
0 0.13931232599397161 0.7288357498739975 0.22193987798241926 0.09516444929920126
0 0.1581691760551069 0.6365604083404238 0.22193987798241924 0.09516444929920152
0 0.14286851501780354 0.5581207136602276 0.21565172525263374 0.12148087911943069
0 0.14639416962995114 0.45715917519868915 0.20477717827576786 0.0852553496489671
0 0.14456649491109788 0.37173871815576504 0.23180709507010014 0.10254382492351127
0 0.1526899814373576 0.2768707136602276 0.2147283395208808 0.09503857142712299
0 0.1558378873410608 0.18672648289099683 0.21472833952088083 0.09503857142712299
0 0.1702647938029482 0.08354991508372997 0.2097527588983243 0.09014696053804497
0 0.40707034482966825 0.12135773101616636 0.26330892754239643 0.11030083416405649
0 0.3685210326718872 0.2265185520703511 0.20992064721318854 0.09495465284573736
0 0.34560427769292773 0.8827685520703512 0.23703450816495292 0.11464697427412755
0 0.3558797779007374 0.7951540453270449 0.240666982268596 0.08107704670166718
0 0.33593931287060586 0.7118227397577708 0.24117064721318854 0.09550012362474411
0 0.5769191454854672 0.8711716439768629 0.2591727884941608 0.12944768481344007
0 0.8225082986308718 0.7263291115076844 0.2323947041721248 0.11937074800043436
0 0.812114541264535 0.610692740378912 0.26288920675523586 0.09828160339482572
0 0.8201960557120785 0.5170266589602976 0.24142247968548466 0.10271166208628256
0 0.8056089200129481 0.4181542719724091 0.25808151444754385 0.09819768481344007
0 0.8120001136448182 0.3040135389554096 0.23728634063724904 0.12185851273566616
