0 0.9150675288684458 0.19925989206751263 0.1205677440181969 0.2490537389341837
0 0.8104022719512236 0.198012167373063 0.12449389330165908 0.22758701186443242
0 0.7192520165548988 0.1900145970829515 0.10025953331336869 0.22193987798241924
0 0.6260672696698779 0.20240774702181616 0.10025953331336869 0.2219398779824193
0 0.5486768888567363 0.18165071575142722 0.1264079933309331 0.21565172525263374
0 0.44771535039519783 0.17812506113927962 0.0899585041235828 0.20477717827576788
0 0.3625747103834882 0.1703373512427483 0.10786286867456486 0.23180709507010017
0 0.26742688885673627 0.17182924933187316 0.09996568563862528 0.21472833952088083
0 0.1772826580875055 0.16868134342816996 0.09996568563862528 0.21472833952088083
0 0.07347650196000587 0.17588905235089797 0.0949620948811041 0.2097527588983243
0 0.0974333748473216 0.4150450397857164 0.1163477470599912 0.26330892754239643
0 0.2046228693778119 0.38388281348195896 0.09976978718879642 0.20992064721318854
0 0.8608728693778119 0.4067995684609184 0.12007799789362449 0.23703450816495292
0 0.7728386370876839 0.4109471451761857 0.0866200501896072 0.240666982268596
0 0.690836462416679 0.38521453328324023 0.10104312711268412 0.24117064721318854
0 0.8358447437860248 0.6370231622068405 0.13538261784093153 0.2591727884941608
0 0.6770113597561185 0.8722032398306667 0.12468979175148795 0.2323947041721248
0 0.5622144397209898 0.8537508433508496 0.1043285162907604 0.26288920675523586
0 0.46826854127116085 0.8552847135186906 0.10825466557422271 0.24142247968548466
0 0.3704454681503269 0.8338141569101288 0.10413261784093154 0.25808151444754385
0 0.25616482661772016 0.832230655585951 0.1272895363551631 0.23728634063724904
