5 0.7018168403024293 0.8285606600401381 0.1679508422338342 0.3428786799197239
5 0.6857449871295754 0.5545950739362197 0.11958825176905236 0.2224405251432161
5 0.687234676220503 0.2963214688096461 0.1754113439011011 0.2951712779709081
5 0.6827106597833731 0.09684419496398178 0.16169027212619425 0.07636533540615285
5 0.9475673772447534 0.1107663150002039 0.10486524551049324 0.09738458257846087
5 0.3920105510964254 0.18596578979580178 0.15922518092956423 0.2517342195074116
5 0.37724664340344466 0.5017498892792285 0.19061801462349373 0.314569874895943
5 0.4017319581147601 0.7783460390246131 0.19111594103495028 0.20885658669146723
5 0.9554492490199972 0.3452112432061479 0.08910150196000571 0.32323423591048883
5 0.935594026703186 0.7090862514076866 0.12881194659362796 0.40558037335356545
5 0.08471413044721773 0.1331345907799995 0.16766517484597543 0.22299995079076823
5 0.0973087861356087 0.324296302575524 0.14971592582597834 0.13629366155804098
5 0.10504677490385014 0.5142001487293701 0.15304619947306958 0.2180244307888102
5 0.13036874817038052 0.7523627312955938 0.17296261327823997 0.23507512412475423
