5 0.679591572152654 0.2117051986554939 0.17602870023000333 0.3542165814281602
5 0.6924991078598416 0.48789554587047923 0.12474910548882708 0.2269489371322594
5 0.7210782256864601 0.7469389086022465 0.18225508470341095 0.3018358869981893
5 0.7374697681801426 0.9466471097294692 0.16342925544481363 0.082833926520867
5 0.9738189810389879 0.9494825601005406 0.05236203792202414 0.10103487979891887
5 0.43706786408552895 0.8386664535704005 0.16505918948235304 0.2578107747969916
5 0.3891666551949356 0.521111911595028 0.20031437146832579 0.32194851789958673
5 0.38467258102620955 0.2453624952153566 0.1983440634920641 0.21643124760767826
5 0.9680978503279672 0.7157535591252027 0.06380429934406542 0.3271545941618309
5 0.9286772125464975 0.3501850841922377 0.14264557490700505 0.41165692864314557
5 0.13493733449754602 0.8719458094142797 0.17282602856575008 0.22946854190548238
5 0.12749841265582137 0.6810920006608328 0.1528573150467107 0.14217419893505387
5 0.1153288212369039 0.49118815450698666 0.15809486072067522 0.22390496816582323
5 0.11570332059800728 0.25402625682751495 0.17840394817843713 0.24173973315203562
