5 0.8302811850629106 0.7066158506673171 0.33943762987417886 0.1699685283434517
5 0.5584557642312213 0.6889326509485886 0.22308397352571638 0.12087732900575213
5 0.3002520991462239 0.6889160813118506 0.2961224625363433 0.17712077241063787
5 0.10079580731303238 0.6832290930198719 0.0772885439549576 0.16212463510812553
5 0.11627059627224427 0.9471170415790584 0.09804201423502351 0.10576591684188312
5 0.18820387112623754 0.393068435133065 0.2526014760229555 0.1606823986753987
5 0.5038271085140392 0.3801470671860192 0.31560498751126953 0.1924395368057868
5 0.7805001923051573 0.4062437284432094 0.2099196753234245 0.19232094801708263
5 0.35075049449897633 0.9559536705474014 0.3237937562430979 0.08809265890519723
5 0.7144716346090476 0.9370407356671997 0.4064476298691095 0.1259185286656006
5 0.13359619505440187 0.0854847744474187 0.223923159339573 0.16895425208267517
5 0.32478588286655674 0.09919336100882742 0.13713294205695448 0.15050058153527385
5 0.514689729020403 0.10803827479553932 0.2188637112877237 0.15430725329158024
5 0.7529432336406755 0.13474740726243145 0.23602630869018965 0.17432174906041256
