0 0.1318693734130496 0.16870362771139774 0.21033308805552187 0.30034259694950927
0 0.34859346797518687 0.16400950466384392 0.21108896948748887 0.31476567387258625
0 0.5712692986122512 0.1834377570018845 0.23879107956640808 0.3391118195172014
0 0.8394871151240891 0.1829507857562185 0.26625145078728923 0.313005167213425
0 0.15180670598175594 0.49966602874209676 0.28711996312065347 0.3444789374724459
0 0.47582201579634203 0.5130575364784584 0.3109064641817928 0.33995095798852976
0 0.7807955267381508 0.5226195047250299 0.29079383328039543 0.3229002646525856
0 0.10897668084483093 0.8402071661545804 0.21795336168966187 0.3195856676908394
0 0.34317810771514823 0.8410418380012563 0.25410623977939734 0.3104614646476908
0 0.5879924746914724 0.8467569128555928 0.2471466617951812 0.30648617428881436
0 0.8379294845721419 0.8494133426161514 0.24702068155652002 0.3011733147676971
