0 0.18706948284161398 0.8476925157930915 0.30260888443942324 0.21555510740623873
0 0.1748224317550753 0.6318506418407609 0.31703196136250017 0.21656366719388542
0 0.1864459917861649 0.4071162964474807 0.34168587444401727 0.2446869078656045
0 0.1766017819144232 0.1393395902405463 0.3135111222811968 0.27151594213646474
0 0.5167311018211544 0.7873200719415705 0.34761256955726527 0.2931000175384098
0 0.5187932174990388 0.46212846798057516 0.34336437865235064 0.3168022924809891
0 0.5176971650683763 0.15641977319726086 0.32608985445320526 0.29639487016463195
0 0.8488304900473561 0.8090398539080363 0.3023390199052879 0.26514487016463195
0 0.8470950307596957 0.5544843015472557 0.30580993848060867 0.25949671136723396
0 0.8466873823645835 0.30878771396112464 0.3066252352708331 0.2526213595015777
0 0.8449798981470621 0.0924651502069862 0.3100402037058759 0.1849303004139724
