0 0.8205805363658776 0.7678131487180291 0.2085946942786559 0.31283128120493064
0 0.6038984997176967 0.7914184184329094 0.20926645988271003 0.32725435812800757
0 0.38112453394806745 0.7915316843177727 0.23682837691510777 0.3532964979307663
0 0.12254662308489225 0.8154474650457376 0.2450932461697845 0.3266361749183915
0 0.7987155494075012 0.4401076673911474 0.285129221860049 0.3617472416280903
0 0.4746441623743065 0.45508287965577543 0.3089437615304924 0.35876107501521387
0 0.16963560317086748 0.47220664059532014 0.2889292657616601 0.3404769313824381
0 0.8603430594268624 0.13157658281875467 0.2576792657616599 0.26315316563750935
0 0.6053674257181564 0.1399376696396143 0.25231176878392275 0.2798753392792286
0 0.36051100082787574 0.1466869901022173 0.24532415219040232 0.2933739802044346
0 0.11658653846153846 0.15495700063833612 0.23317307692307693 0.30991400127667224
