3 0.9636126364849361 0.3346568684390274 0.05199745265256439 0.3767630860484601
3 0.9355507895417206 0.4187690415891353 0.060777604919979265 0.5476320614213659
3 0.8955816121098295 0.5071991609223632 0.05966262187062035 0.7060900091253832
3 0.8516419845963145 0.5282236387229843 0.0639128226536332 0.7855148814272207
3 0.8138518478181094 0.555502604970507 0.08152304769444504 0.819854372155468
3 0.7199619724674149 0.5456729698142282 0.07006331832799208 0.8434030875693572
3 0.6732258428790602 0.4981388576177767 0.06821495382072704 0.660808729101964
3 0.5921664753316244 0.5236547378168394 0.06391282265363306 0.7855148814272207
3 0.5539567125013358 0.5329048579105158 0.06575716740470156 0.7615743691136735
3 0.47865518470726537 0.5478483034795568 0.05726078559487254 0.8092594952909388
3 0.440331511718323 0.4490232958750709 0.046860089137500546 0.6719464168469648
3 0.405362837267949 0.391161622110884 0.0388632388339747 0.5347312876279051
3 0.3599425409151713 0.4517516122250523 0.029805345743269547 0.45511051687623877
3 0.34082568184305606 0.5590431461238992 0.03936879997457318 0.6596333384029905
3 0.31211940334759664 0.5638773708095411 0.04417649228226549 0.6598292368528196
3 0.28341111497403887 0.46544416010471296 0.03489278875235083 0.4673256460952984
