3 0.9321351311031681 0.6653431315609726 0.05636451932863633 0.37676308604846
3 0.9050670717689301 0.5812309584108648 0.0671322468140064 0.5476320614213658
3 0.8661476699803258 0.49280083907763683 0.0678648688968321 0.7060900091253832
3 0.8224739856297767 0.47177636127701567 0.07303887224593698 0.7855148814272207
3 0.7850197770574232 0.44449739502949304 0.09104101352690928 0.819854372155468
3 0.6910599166638429 0.45432703018577186 0.07986122433199938 0.8434030875693572
3 0.6437919007495565 0.5018611423822233 0.07588531452100693 0.660808729101964
3 0.5630684614079724 0.4763452621831607 0.07063502609209084 0.7854169322023062
3 0.5249846716548782 0.46709514208948416 0.07460327682546228 0.7615743691136735
3 0.449893098989465 0.4521516965204432 0.06666677535871926 0.8092594952909388
3 0.41043566830577316 0.5509767041249292 0.054670419923551844 0.6719464168469648
3 0.37480913445227304 0.608838377889116 0.04507791064223072 0.5347312876279051
3 0.3301166825455073 0.5482483877749478 0.03509621498543352 0.45511051687623877
3 0.3122595542453358 0.4409568538761009 0.04703916067485308 0.6596333384029905
3 0.2836232607927621 0.43612262919045885 0.05184685298254539 0.6598292368528196
3 0.253781214724455 0.534555839895287 0.040323628080286195 0.4673256460952984
