3 0.2845405065367892 0.9601712369632149 0.3755314543651745 0.05003659697398369
3 0.3702266860280477 0.9311161405645431 0.546232502570629 0.05442640417663988
3 0.46086041423888663 0.8900977559613956 0.7048304061597199 0.051464816505869655
3 0.48421442142441085 0.8458923292978291 0.7841853005190208 0.05479171497817685
3 0.5135081157886063 0.8077664462248217 0.8180629169318878 0.07441408216223248
3 0.5085893804167178 0.713946518018878 0.8419335507760836 0.060270718062932035
3 0.46344775785881526 0.6677419867306263 0.6592692143661535 0.06054874675607964
3 0.4932449353058078 0.5863468728883885 0.7841573292366432 0.0523878688243307
3 0.5045097835161573 0.5480112051975492 0.7601748102629368 0.05691584830824708
3 0.523419725064898 0.47249983596922746 0.8081398482103495 0.04785988934041459
3 0.42648352506979287 0.43530930672524204 0.6710367035939858 0.039053987783352485
3 0.3703847384076948 0.40099813543552215 0.5339615302599998 0.032651932380136535
3 0.4334301784140581 0.35485038877733993 0.4545506933359439 0.024517341600137035
3 0.5418549968785334 0.3344744810997169 0.6589335589776222 0.03170259290992593
3 0.5482002676516802 0.3056982554595071 0.6589895015423775 0.03651028521761823
3 0.4511521825270646 0.27812311083090624 0.4666258666699299 0.02946489031971737
