0 0.8103092381236338 0.11128880067897823 0.34732164380838854 0.1780614998879621
0 0.5057605632790986 0.11292527681400769 0.30124731172445185 0.2079126042995719
0 0.20078019266263486 0.1266159561079777 0.33628756702728846 0.23052644659606042
0 0.22993075261947438 0.31843403495973344 0.334747112417299 0.20648798505759886
0 0.8393057526194744 0.3007030333768878 0.3043605039611555 0.18161018616610322
0 0.5507671914274365 0.3078944838303058 0.30436050396115566 0.18161018616610322
0 0.8445317627992168 0.483325396289776 0.3109364744015664 0.18711732626799063
0 0.5481285922707796 0.49220838327605365 0.35397788164806837 0.20704754329295483
0 0.21984954680978067 0.49935199951297055 0.3279977103387574 0.2134896891808789
0 0.23465405257404276 0.6927916701181664 0.3208793361160807 0.17729210731434747
0 0.2620635303404628 0.8762312598211703 0.34762973473038633 0.18286919219565442
0 0.5602211609591976 0.6809103063529768 0.3263032102677689 0.1870473814885712
0 0.8562795716060433 0.6670797375001677 0.28744085678791337 0.19631304220685827
0 0.8649070386248129 0.8532728972541155 0.27018592275037423 0.21780776803263452
0 0.5888325618025408 0.864314923666271 0.3077495041031326 0.23449480155071875
