0 0.8607205619183808 0.8371785195516688 0.1702271542633022 0.32564296089666256
0 0.869701224108491 0.5433269804801537 0.2011974509070062 0.2989178982704145
0 0.8666696481132778 0.23778655846436986 0.2230418438088438 0.3361094127260572
0 0.6742640596308819 0.24453506244840045 0.19898939710256733 0.33244576418559946
0 0.670718819589831 0.8513700792359917 0.17478311355032836 0.2972598415280166
0 0.6735989628045296 0.5655115141061926 0.17478311355032836 0.3023398079528341
0 0.4880125267297085 0.8417121477398448 0.17973065753616851 0.31657570452031025
0 0.48978864304218767 0.5414509489255371 0.1991012784450856 0.3516765334163687
0 0.49410146460275356 0.21345192916419828 0.2061589800606614 0.3256121664400445
0 0.3005778640503234 0.2057143661058213 0.17007331741733955 0.3189147705524348
0 0.11659272969029644 0.21170187784824285 0.17503484657099458 0.34560903872206483
0 0.3010867199652646 0.5315615001906363 0.17971667236835373 0.3242263838147717
0 0.30409032562484817 0.8419096145141125 0.18926213114466434 0.3127110740001856
0 0.11777127095004905 0.8357519152486421 0.21086877619365016 0.3090372038404435
0 0.11709459302133027 0.538750935009981 0.23007157508878978 0.3052373534420406
