0 0.7930561464917508 0.1766297942088804 0.34732164380838854 0.18590646418179274
0 0.48943174441320925 0.1534817555567056 0.3012473117244517 0.21463685940856955
0 0.18383519195274975 0.142289957554431 0.33628756702728846 0.23803519813444116
0 0.1883384781497564 0.33547951153275146 0.334747112417299 0.21399673659597968
0 0.7977134781497563 0.36741550203335466 0.3043605039611555 0.1884465121935842
0 0.5093289624187174 0.3510959503170928 0.3043605039611555 0.1884465121935842
0 0.788409869267682 0.5502337899643235 0.3287070564216151 0.19451400688788814
0 0.48312140772922035 0.5342342996543565 0.3539778816480682 0.21500457850526886
0 0.15957465417979902 0.5146341509232625 0.31914930835959804 0.22083033434153465
0 0.15279665389584496 0.7082697465465391 0.3055933077916899 0.18452068155652002
0 0.16140451466621134 0.8929828488670672 0.32280902933242267 0.19071415648948487
0 0.4710288390408024 0.7229362227312796 0.3263032102677689 0.19438802664922697
0 0.7814330838089542 0.7343799812108766 0.31490016134253385 0.20337351007130577
0 0.7731003298123044 0.9042444730013229 0.3114788781838321 0.1915110539973542
0 0.47607128435130536 0.8935233756910193 0.3077495041031325 0.21295324861796144
