1 0.3718574410590894 0.23565770712833606 0.19924120207608276 0.18842777960470747
1 0.366561935440417 0.4005310030050561 0.2027638995250333 0.2846515705379732
1 0.3687576811070592 0.5892329260819792 0.18548943593006845 0.24570041862049805
1 0.4021334985677573 0.7710159516418333 0.21945096619006826 0.27312195322467897
1 0.4769405333447547 0.0746820261589214 0.23253142155902012 0.1493640523178428
1 0.4865707456666422 0.17460805002389193 0.16977968001762156 0.13470382686705798
1 0.5549413467046835 0.2639957500462995 0.23241953642950966 0.148541621901196
1 0.580769970315312 0.41714245609825823 0.23759085540811087 0.17993151146003492
1 0.5645173005924439 0.5703112727131353 0.19460133746265604 0.2027109669689454
1 0.6092978226753795 0.8022603159963708 0.3160803241443337 0.31678512901684397
