1 0.3646060345054459 0.7471650181094197 0.1981782573693092 0.18613296952911978
1 0.35835248003922104 0.5826274344430367 0.2011415102357472 0.28232877497365866
1 0.35945031571268254 0.3939255113661136 0.18409082447378738 0.24357352147727054
1 0.3917631884666071 0.2106877328947991 0.21789850747359635 0.2706032592392778
1 0.470633189524101 0.9075574450582041 0.23165029634156298 0.15547039959881942
1 0.4796550058625062 0.8028432798484715 0.16902442983122976 0.13274484265619052
1 0.5474941345471607 0.7103222658629185 0.2315943556703037 0.14585501498343506
1 0.5724276468257693 0.5560565191098362 0.23658385515958835 0.17718893356482043
1 0.5552868588281628 0.40372698302080173 0.19345447606850558 0.20047212787081106
1 0.5987107277985056 0.1698196185106003 0.314290101480294 0.3131470154823757
