1 0.6252747260061431 0.21332441812067715 0.2013675952764958 0.19302268726252253
1 0.6286536798586535 0.3776099389431552 0.2060094470414532 0.28930251365502985
1 0.6242615938468478 0.5663118620200783 0.18828732172008572 0.24995911352286326
1 0.5887593831857365 0.7506419128149809 0.22255661941698734 0.2781651445564272
1 0.5220802066287392 0.06921956432918629 0.23429408960673087 0.13843912865837257
1 0.5112329139881943 0.16167916188410497 0.17129053834423089 0.13862630901397327
1 0.4417991163499463 0.2565527624127712 0.23407028904561963 0.15392102598839413
1 0.4141798458337069 0.4116587186455366 0.23960533317692317 0.1854229864657164
1 0.4286558580799141 0.5633580976248087 0.19689560381047036 0.20719380370827714
1 0.3811613867806617 0.7987358287244558 0.3196616179555558 0.3240697387182581
