0 0.05308850554524916 0.7105325643379702 0.09816946261566196 0.38746043776576455
0 0.16257539067475957 0.7098453827570032 0.10518520210055712 0.37122218741638535
0 0.2780579055476966 0.7108506848592456 0.10554882877146604 0.40247218741638535
0 0.39450458759734697 0.7323867913904378 0.11997190569454311 0.4036495328714734
0 0.5040474152916127 0.7268919175017785 0.11018869338489277 0.38844155897833776
0 0.7142161260588856 0.758484615644889 0.10510128825342455 0.3640106489548469
0 0.6060150778534309 0.752058370885575 0.09084603902461307 0.37725638042283577
0 0.8283708470842002 0.770209113318182 0.1148845005630746 0.3792186228479825
0 0.9402895496499344 0.7673143098258834 0.10750513440727041 0.36420687319736145
0 0.9360726225334279 0.302587105163517 0.11494044312782957 0.3840263151556748
0 0.8277876604808406 0.30337239886574147 0.11960827902363419 0.3723995328714734
0 0.7149187763795818 0.28453447485216743 0.10786876107817935 0.39545687319736156
0 0.6030979733021693 0.27901581680600446 0.10730933543062722 0.3473799501204385
0 0.488775424582589 0.2817143960557884 0.11480058671594187 0.372007084386444
0 0.37824045842923226 0.2690823116693444 0.10758904825440328 0.37141841165890005
0 0.2676915066346868 0.2576521503598234 0.11494044312782983 0.3840263151556748
0 0.049053391764197214 0.23018035967560385 0.09570967389706062 0.3824565212155574
0 0.15824657842874276 0.25473356271002134 0.10744919184251532 0.35939918088966927
