0 0.2969688590814723 0.05104136239790351 0.3836277120793558 0.10208272479580702
0 0.31104093343046435 0.1529620529207863 0.367094636677176 0.1221027607883834
0 0.32415595776481937 0.2678566399733225 0.398344636677176 0.12392286602182032
0 0.3168872644039394 0.38514321890925984 0.39893233202666273 0.13834594294489724
0 0.33576703106062367 0.4936781703399812 0.38411745820392806 0.1278905097602342
0 0.329914511317561 0.7048547573707983 0.3598830982156377 0.12168273650374427
0 0.3231029500425647 0.5968216885426011 0.3737184797892278 0.10809970814994575
0 0.33216325334715113 0.8191774577733704 0.37469797203837235 0.1321381696884073
0 0.3487371230749038 0.9302562634528175 0.359981047440552 0.12408658265759041
0 0.8112674008472607 0.8936193165256378 0.3774651983054787 0.13241818587816676
0 0.7982645341310188 0.7860062719820801 0.3677802812515773 0.13892968386530669
0 0.8032763051754244 0.6724654703717916 0.391231047440552 0.12590668789102738
0 0.7951158969861333 0.5608966363602652 0.3431541243636289 0.12310652599343186
0 0.7784440780334663 0.4474139845269717 0.36748643357683375 0.13171814540376794
0 0.7775441829181708 0.33662704930772896 0.3671925859020905 0.12450660694222962
0 0.7754423647259524 0.22591011813592615 0.3795056643460645 0.13241818587816684
0 0.7761443698741222 0.031596897040052946 0.37872207054674906 0.06319379408010589
0 0.7649760596077295 0.11688513837312556 0.3551733551328597 0.12380656646783071
