0 0.35462590636624597 0.9284187637914925 0.38581546528665156 0.10701317687426946
0 0.3572322225061782 0.8187079871617642 0.36945067859272535 0.11363710623378317
0 0.35825150191668986 0.7030295672261365 0.40070067859272535 0.11472838028040044
0 0.3387610662890097 0.5868627495517585 0.4016249513587191 0.12915145720347737
0 0.3461750747366341 0.47698408460716596 0.3865856925916463 0.11903240764350037
0 0.3182730199761486 0.26715121109022005 0.3622391401311869 0.11338527376148719
0 0.32280121956725544 0.37540823217072905 0.37573794428827006 0.09946586178300279
0 0.3085520144248521 0.1530524629399598 0.3772783988982597 0.1235043233214643
0 0.3134081312576314 0.04937422797830994 0.3623931855921859 0.09874845595661988
0 0.7779666207939349 0.048052082024054754 0.382086091205952 0.09610416404810951
0 0.7752832819235033 0.14277691178275054 0.37037495135871923 0.12806018315686035
0 0.7921388032058387 0.2554219043837914 0.39364318559218575 0.11688039396195048
0 0.795696147911521 0.3673266667737857 0.3455662625152627 0.11520151081330873
0 0.7909940765397406 0.4819290798686385 0.3700668604367212 0.12325249084916806
0 0.8016859369764617 0.5923800867094133 0.36960472405372424 0.1160409523876296
0 0.810066414366642 0.7028730656289043 0.3798671712667161 0.12367221163632863
0 0.8221912660717847 0.921287288999176 0.3556174678564305 0.1044414424055594
0 0.812175327427097 0.8124579260224845 0.35758549328449346 0.11562123160046903
