10 0.8155633654485033 0.6572879661996687 0.2253702700116427 0.2980845821545441
10 0.5822108895277845 0.14440636757265402 0.16490514402135403 0.2528006916069432
10 0.5987103355055778 0.7328335726533375 0.20851474872930736 0.1847680362940465
10 0.8871769610415421 0.21649126872575397 0.21825189578896642 0.26185900153198755
10 0.641864733310616 0.37897979029920253 0.3085520144248521 0.1738706139831171
10 0.3371011317829447 0.41652172161839884 0.17837534997302468 0.12615234286998572
10 0.42664716462219804 0.5605884320731144 0.2521852346593978 0.15511297528525603
10 0.1489563517335364 0.5328220636571461 0.18799073458840931 0.12648811949971409
10 0.8357543752733032 0.9061432824073038 0.21735990603969724 0.1730845821545438
10 0.6729233177584669 0.8342033942350047 0.16789657381378367 0.14977108362128697
10 0.3739415080926819 0.25518549196553636 0.14650916812902892 0.11544568420798405
10 0.3502235941732684 0.09896219683841025 0.15485990603969724 0.1709020340613098
10 0.8438200932504178 0.4607182186075927 0.24759246903484156 0.1957265274283445
10 0.37581724956696844 0.8274420600229112 0.15100876951472322 0.11080588021515599
