10 0.14206306821947579 0.3616669996772593 0.2084089893685448 0.304126659436954
10 0.40475817556227595 0.8451449099803144 0.15047893382338545 0.2588896131540116
10 0.35408401804754774 0.2627048812551884 0.1981502870336796 0.19282112608210455
10 0.09896165946402256 0.80725343823562 0.19792331892804513 0.27010850814414467
10 0.331588513487173 0.6188204857880895 0.2990279144883292 0.18604845707725395
10 0.6335509091511612 0.5478834152412287 0.17137233531381676 0.13312514012549956
10 0.5358113491606346 0.4147266705899732 0.24364155677516416 0.1650320249022544
10 0.8145526142481774 0.4116258186839567 0.1809877199292014 0.1338537504034258
10 0.10744584819670752 0.11680313437332912 0.2076957458099902 0.1815305055908001
10 0.2741285637741083 0.17024930002512886 0.15949295622273388 0.1562528388165532
10 0.6061646026313547 0.7121467088901413 0.1400663946425575 0.12114177210685448
10 0.6389164054611466 0.8646446498404763 0.14519574580999015 0.1767945387842792
10 0.12529128445866247 0.5599663759942742 0.23666776616647722 0.20535095180919427
10 0.5710245415258305 0.14414768846338508 0.14484611661462038 0.11669838493812527
