10 0.8265474269928788 0.5975197261080235 0.22027804224585962 0.298084582154544
10 0.5843782426677667 0.1147950660384857 0.16057043774138968 0.2295901320769714
10 0.6111463132311064 0.6878395042697394 0.20540049373205144 0.1847680362940465
10 0.8904174696197678 0.15370103896655374 0.213790935928032 0.2618590015319875
10 0.6480932433051279 0.33255867123925903 0.3056902665895359 0.1738706139831171
10 0.34417133231725533 0.39117058607390887 0.17627112362352754 0.12615234286998572
10 0.4361793099854205 0.5283538756191933 0.24961807851301124 0.15511297528525603
10 0.1581728631443342 0.5200625517274692 0.18588650823891215 0.12648811949971409
10 0.8510731430976429 0.8438567175926962 0.21445607367739108 0.1730845821545438
10 0.687084761090583 0.7835850673034569 0.16537150219438684 0.14977108362128697
10 0.37817100305517126 0.22798758495754054 0.14457327988749144 0.11544568420798405
10 0.3517386371449064 0.07978287163458386 0.15195607367739095 0.15956574326916773
10 0.8513532235816178 0.39985870446933036 0.2443098759296261 0.1957265274283445
10 0.3900418196895695 0.7975579399770888 0.14915705032716586 0.11080588021515599
