0 0.752625141773316 0.1591714665630348 0.4689610740001856 0.19818647679305593
0 0.7633845701559352 0.33716798222820576 0.4732308596881296 0.1792354582636756
0 0.7644085746959633 0.5149406973322657 0.47118285060807324 0.18175120469807737
0 0.7676789500915113 0.6856697243956204 0.46464209981697735 0.18197500525918833
0 0.7699363727681281 0.8718559010381417 0.46012725446374386 0.1988019283361114
0 0.30026113401492494 0.14023937865235064 0.4641533816924933 0.19807457651250038
0 0.31192452771036616 0.31697802110032075 0.4518821904459402 0.19298713350341912
0 0.31213560171055177 0.5042542205392097 0.4684571530455409 0.18857109217767132
0 0.31943223393361464 0.6892944242450857 0.4633975002605263 0.1836514995894234
0 0.3181264342602243 0.8705330332292204 0.4859139773157698 0.20098197392884634
