0 0.14616232509951 0.7493190496780587 0.19017116705262613 0.46459030817933705
0 0.3240749108197549 0.7593026556627946 0.17101032366093089 0.4760499807132118
0 0.5019315558687407 0.7596035340659922 0.17344214015040663 0.4807929318680155
0 0.6726186179596324 0.7608846506584617 0.17349808082166562 0.4782306986830767
0 0.8588887245470798 0.7610687613431373 0.1903250038985887 0.4778624773137254
0 0.1351196520118667 0.2971511660270135 0.19014319671699656 0.4597826158716448
0 0.3118163294873738 0.30469595346819367 0.18527956373804505 0.4500273416974212
0 0.4992603888161146 0.3005362616475308 0.18055578243724157 0.4643105290616591
0 0.6843425574944537 0.3035181635089868 0.17812396594776586 0.45943289197454723
0 0.8657700088546717 0.2979816866628521 0.1926729093811757 0.4814871760356797
