0 0.21322524145242955 0.8641037917925215 0.4264504829048591 0.19818647679305593
0 0.22020154292274619 0.6861072761273507 0.44040308584549237 0.1792354582636756
0 0.2305924953667041 0.5083345610232908 0.4611849907334082 0.18175120469807737
0 0.2382608346602231 0.3376055339599361 0.4765216693204462 0.18197500525918847
0 0.24804185987807306 0.15141935731741474 0.4960837197561461 0.19880192833611152
0 0.6410647679326614 0.8830358797032057 0.4685348234964859 0.19807457651250032
0 0.652049135635711 0.7062972372552356 0.456151287588292 0.19298713350341912
0 0.6758724206706586 0.5190210378163468 0.47261390552625215 0.18857109217767132
0 0.692302014674586 0.33398083411047064 0.4674419080795964 0.1836514995894234
0 0.7168718413627525 0.15274222512633606 0.4903515914505829 0.20098197392884654
