0 0.8103726517818521 0.7266247425675079 0.37245790487830494 0.41314607791691615
0 0.9184843981600613 0.3172025115143231 0.16080756199732457 0.3803593081182387
0 0.7411941524075747 0.2264384140897843 0.44697713564753544 0.4179214872078837
0 0.5277762885083219 0.15867275127069266 0.34797191796976973 0.3173455025413853
0 0.3057561633051078 0.10752737567084059 0.31124293760696714 0.21505475134168117
0 0.19160063997789567 0.3157243403895841 0.14082159370455655 0.24931925212255487
0 0.2992562656918251 0.39773460233693875 0.20608905422158744 0.3159784795695266
0 0.4704180221332705 0.5093165057216673 0.2957026499690053 0.43706277701110324
0 0.11715752627649685 0.5139323423346677 0.18369923977497304 0.18478437811284382
0 0.1838358860325233 0.6177921463497739 0.17718695970417436 0.3045145494221545
0 0.3197083330409408 0.8061269396882179 0.26597543055051925 0.28377192378680804
0 0.5608753164680353 0.8627607554732075 0.21030936948105824 0.2153250320299859
0 0.07155867283959703 0.7585227672856857 0.14311734567919407 0.3267044654286285
