0 0.20314878415750348 0.21576809813854395 0.4019806349796842 0.4001945729536814
0 0.1302471140094799 0.6214898992022331 0.1888723795011053 0.3748086631339954
0 0.3164712597009688 0.7184774470636509 0.4764998657489149 0.4023628611156862
0 0.5377719764875765 0.8023965924645454 0.3716629976807532 0.32257204823640934
0 0.7648371275386978 0.8536190080605485 0.3261865417323567 0.20613826116050132
0 0.8613350603982348 0.6484085265047546 0.159045501174544 0.24444141259094684
0 0.7459016865021151 0.5626137338863249 0.22905117763377147 0.30882992163527373
0 0.5640192501338669 0.4450186317686659 0.32741224896678334 0.42680249385841107
0 0.9102230449957148 0.45276559534784416 0.17955391000857027 0.17839272631280587
0 0.8427185333472592 0.3465509722485135 0.1994201268175589 0.2983751996668549
0 0.6896089146918254 0.1534224400600409 0.2860077435996905 0.27211700265922295
0 0.4421356489548469 0.09617032107130206 0.22561745175584763 0.19234064214260413
0 0.9298713362485557 0.20981513368762528 0.14025732750288875 0.3215743238522823
