0 0.8012300737962634 0.7831682972815648 0.39753985240747325 0.3860600821284483
0 0.4029907735945952 0.9053440232239658 0.3748086631339954 0.17373802679067132
0 0.29565139837908994 0.7316222498982144 0.4047667072695323 0.46067726212259347
0 0.19928208224152283 0.5213530381401985 0.32257204823640934 0.3588872453927245
0 0.13511988245291054 0.3013480503073761 0.20613826116050132 0.31812799028913863
0 0.33375555474327057 0.1801395461837932 0.24691520352421256 0.15171979479328235
0 0.4258453775094561 0.2846885017850355 0.30882992163527373 0.2166685254161436
0 0.5534425830841049 0.4515680913143986 0.4268024938584108 0.3103123959043448
0 0.5251318543555908 0.09893732588587237 0.17839272631280587 0.189744651886148
0 0.6352633851024141 0.1618373030724145 0.2983751996668549 0.18743057467033195
0 0.8363656221447108 0.2908246973986605 0.272117002659223 0.27519749166366625
0 0.9057531603627346 0.5294727591127656 0.18849367927453095 0.21736235027742895
0 0.7653544696184489 0.061000192659315805 0.32157432385228246 0.12200038531863161
